float kernel[7][7][7] = {
  {
    {4.9160009517953723e-05,0.00014933492309574987,0.0002908647132318742,0.00036324606815212474,0.0002908647132318742,0.00014933492309574987,4.9160009517953723e-05},
    {0.00014933492309574987,0.00045363944138108905,0.0008835689823429742,0.0011034441242839907,0.0008835689823429742,0.00045363944138108905,0.00014933492309574987},
    {0.0002908647132318742,0.0008835689823429742,0.0017209573845294482,0.0021492156832696946,0.0017209573845294482,0.0008835689823429742,0.0002908647132318742},
    {0.00036324606815212474,0.0011034441242839907,0.0021492156832696946,0.0026840455752920366,0.0021492156832696946,0.0011034441242839907,0.00036324606815212474},
    {0.0002908647132318742,0.0008835689823429742,0.0017209573845294482,0.0021492156832696946,0.0017209573845294482,0.0008835689823429742,0.0002908647132318742},
    {0.00014933492309574987,0.00045363944138108905,0.0008835689823429742,0.0011034441242839907,0.0008835689823429742,0.00045363944138108905,0.00014933492309574987},
    {4.9160009517953723e-05,0.00014933492309574987,0.0002908647132318742,0.00036324606815212474,0.0002908647132318742,0.00014933492309574987,4.9160009517953723e-05},
  },
  {
    {0.00014933492309574987,0.00045363944138108905,0.0008835689823429742,0.0011034441242839907,0.0008835689823429742,0.00045363944138108905,0.00014933492309574987},
    {0.00045363944138108905,0.0013780349466186133,0.0026840455752920366,0.003351967281052429,0.0026840455752920366,0.0013780349466186133,0.00045363944138108905},
    {0.0008835689823429742,0.0026840455752920366,0.00522780693473848,0.006528740777807301,0.00522780693473848,0.0026840455752920366,0.0008835689823429742},
    {0.0011034441242839907,0.003351967281052429,0.006528740777807301,0.008153410536369811,0.006528740777807301,0.003351967281052429,0.0011034441242839907},
    {0.0008835689823429742,0.0026840455752920366,0.00522780693473848,0.006528740777807301,0.00522780693473848,0.0026840455752920366,0.0008835689823429742},
    {0.00045363944138108905,0.0013780349466186133,0.0026840455752920366,0.003351967281052429,0.0026840455752920366,0.0013780349466186133,0.00045363944138108905},
    {0.00014933492309574987,0.00045363944138108905,0.0008835689823429742,0.0011034441242839907,0.0008835689823429742,0.00045363944138108905,0.00014933492309574987},
  },
  {
    {0.0002908647132318742,0.0008835689823429742,0.0017209573845294482,0.0021492156832696946,0.0017209573845294482,0.0008835689823429742,0.0002908647132318742},
    {0.0008835689823429742,0.0026840455752920366,0.005227806934738479,0.006528740777807301,0.005227806934738479,0.0026840455752920366,0.0008835689823429742},
    {0.0017209573845294482,0.005227806934738479,0.010182377526851838,0.012716250658157064,0.010182377526851838,0.005227806934738479,0.0017209573845294482},
    {0.0021492156832696946,0.006528740777807301,0.012716250658157064,0.015880675252381345,0.012716250658157064,0.006528740777807301,0.0021492156832696946},
    {0.0017209573845294482,0.005227806934738479,0.010182377526851838,0.012716250658157064,0.010182377526851838,0.005227806934738479,0.0017209573845294482},
    {0.0008835689823429742,0.0026840455752920366,0.005227806934738479,0.006528740777807301,0.005227806934738479,0.0026840455752920366,0.0008835689823429742},
    {0.0002908647132318742,0.0008835689823429742,0.0017209573845294482,0.0021492156832696946,0.0017209573845294482,0.0008835689823429742,0.0002908647132318742},
  },
  {
    {0.00036324606815212474,0.0011034441242839907,0.0021492156832696946,0.0026840455752920366,0.0021492156832696946,0.0011034441242839907,0.00036324606815212474},
    {0.0011034441242839907,0.003351967281052429,0.006528740777807301,0.008153410536369811,0.006528740777807301,0.003351967281052429,0.0011034441242839907},
    {0.0021492156832696946,0.006528740777807301,0.012716250658157064,0.015880675252381345,0.012716250658157064,0.006528740777807301,0.0021492156832696946},
    {0.0026840455752920366,0.008153410536369811,0.015880675252381345,0.019832563327919446,0.015880675252381345,0.008153410536369811,0.0026840455752920366},
    {0.0021492156832696946,0.006528740777807301,0.012716250658157064,0.015880675252381345,0.012716250658157064,0.006528740777807301,0.0021492156832696946},
    {0.0011034441242839907,0.003351967281052429,0.006528740777807301,0.008153410536369811,0.006528740777807301,0.003351967281052429,0.0011034441242839907},
    {0.00036324606815212474,0.0011034441242839907,0.0021492156832696946,0.0026840455752920366,0.0021492156832696946,0.0011034441242839907,0.00036324606815212474},
  },
  {
    {0.0002908647132318742,0.0008835689823429742,0.0017209573845294482,0.0021492156832696946,0.0017209573845294482,0.0008835689823429742,0.0002908647132318742},
    {0.0008835689823429742,0.0026840455752920366,0.005227806934738479,0.006528740777807301,0.005227806934738479,0.0026840455752920366,0.0008835689823429742},
    {0.0017209573845294482,0.005227806934738479,0.010182377526851838,0.012716250658157064,0.010182377526851838,0.005227806934738479,0.0017209573845294482},
    {0.0021492156832696946,0.006528740777807301,0.012716250658157064,0.015880675252381345,0.012716250658157064,0.006528740777807301,0.0021492156832696946},
    {0.0017209573845294482,0.005227806934738479,0.010182377526851838,0.012716250658157064,0.010182377526851838,0.005227806934738479,0.0017209573845294482},
    {0.0008835689823429742,0.0026840455752920366,0.005227806934738479,0.006528740777807301,0.005227806934738479,0.0026840455752920366,0.0008835689823429742},
    {0.0002908647132318742,0.0008835689823429742,0.0017209573845294482,0.0021492156832696946,0.0017209573845294482,0.0008835689823429742,0.0002908647132318742},
  },
  {
    {0.00014933492309574987,0.00045363944138108905,0.0008835689823429742,0.0011034441242839907,0.0008835689823429742,0.00045363944138108905,0.00014933492309574987},
    {0.00045363944138108905,0.0013780349466186133,0.0026840455752920366,0.003351967281052429,0.0026840455752920366,0.0013780349466186133,0.00045363944138108905},
    {0.0008835689823429742,0.0026840455752920366,0.00522780693473848,0.006528740777807301,0.00522780693473848,0.0026840455752920366,0.0008835689823429742},
    {0.0011034441242839907,0.003351967281052429,0.006528740777807301,0.008153410536369811,0.006528740777807301,0.003351967281052429,0.0011034441242839907},
    {0.0008835689823429742,0.0026840455752920366,0.00522780693473848,0.006528740777807301,0.00522780693473848,0.0026840455752920366,0.0008835689823429742},
    {0.00045363944138108905,0.0013780349466186133,0.0026840455752920366,0.003351967281052429,0.0026840455752920366,0.0013780349466186133,0.00045363944138108905},
    {0.00014933492309574987,0.00045363944138108905,0.0008835689823429742,0.0011034441242839907,0.0008835689823429742,0.00045363944138108905,0.00014933492309574987},
  },
  {
    {4.9160009517953723e-05,0.00014933492309574987,0.0002908647132318742,0.00036324606815212474,0.0002908647132318742,0.00014933492309574987,4.9160009517953723e-05},
    {0.00014933492309574987,0.00045363944138108905,0.0008835689823429742,0.0011034441242839907,0.0008835689823429742,0.00045363944138108905,0.00014933492309574987},
    {0.0002908647132318742,0.0008835689823429742,0.0017209573845294482,0.0021492156832696946,0.0017209573845294482,0.0008835689823429742,0.0002908647132318742},
    {0.00036324606815212474,0.0011034441242839907,0.0021492156832696946,0.0026840455752920366,0.0021492156832696946,0.0011034441242839907,0.00036324606815212474},
    {0.0002908647132318742,0.0008835689823429742,0.0017209573845294482,0.0021492156832696946,0.0017209573845294482,0.0008835689823429742,0.0002908647132318742},
    {0.00014933492309574987,0.00045363944138108905,0.0008835689823429742,0.0011034441242839907,0.0008835689823429742,0.00045363944138108905,0.00014933492309574987},
    {4.9160009517953723e-05,0.00014933492309574987,0.0002908647132318742,0.00036324606815212474,0.0002908647132318742,0.00014933492309574987,4.9160009517953723e-05},
  },
};
